function bestPath = BestResultFound
bestPath =[41,25,32,50,29,30,47,34,42,28,46,48,33,38,45,27,39,44,40,37,49,36,8,16,21,7,19,20,11,3,6,15,12,2,24,17,22,14,23,4,9,10,13,1,5,18,26,31,43,35];
end