function bestChromosome = BestChromosome()

bestChromosome = [0.965264100124366,0.743302680361895,0.423408514464550,0.107849388864563,0.821420632962465,0.834434775048875,0.0591451815875307,0.490708098628885,0.148900690475664,0.572653141440745,0.0560339896570589,0.922137167444910,0.266059912395705,0.897279207475128,0.856469562092126,0.454576705914666,0.0338657671879851,0.0132759711904735,0.00743700074285334,0.113693034771983,0.815722318813094,0.127468328584815,0.880506290884887,0.944569059888485,0.435265524215647,0.314911908567827];

end